# Time	order_global	order_0	order_1	order_2	order_3	order_4	order_5	order_6	order_7	order_8	order_9	order_10	order_11	order_12	order_13	order_14	order_15	order_16	order_17	order_18	order_19
0	0.0323	0.1283	0.1360	0.1347	0.0677	0.0815	0.0629	0.0626	0.0351	0.0888	0.0462	0.0865	0.0868	0.1343	0.1756	0.2057	0.0970	0.2188	0.0596	0.0838	0.1815
1	0.0335	0.1312	0.1380	0.1369	0.0723	0.0842	0.0622	0.0639	0.0353	0.0902	0.0480	0.0897	0.0882	0.1381	0.1773	0.2078	0.0990	0.2212	0.0577	0.0957	0.1841
2	0.0349	0.1311	0.1393	0.1404	0.0773	0.0833	0.0607	0.0673	0.0364	0.0938	0.0527	0.0916	0.0862	0.1422	0.1830	0.2109	0.1007	0.2258	0.0600	0.0983	0.1889
3	0.0367	0.1300	0.1399	0.1428	0.0802	0.0865	0.0634	0.0724	0.0473	0.0937	0.0597	0.0945	0.0846	0.1470	0.1865	0.2146	0.1015	0.2266	0.0654	0.0973	0.1918
4	0.0370	0.1326	0.1430	0.1459	0.0796	0.0852	0.0618	0.0780	0.0501	0.0934	0.0606	0.0944	0.0827	0.1503	0.1894	0.2181	0.0992	0.2308	0.0662	0.1002	0.1947
5	0.0379	0.1332	0.1457	0.1506	0.0824	0.0865	0.0708	0.0827	0.0568	0.0975	0.0672	0.0956	0.0838	0.1546	0.1922	0.2233	0.0997	0.2331	0.0646	0.0978	0.1984
6	0.0388	0.1347	0.1476	0.1521	0.0871	0.0866	0.0800	0.0825	0.0577	0.1003	0.0695	0.0957	0.0817	0.1584	0.1954	0.2238	0.0986	0.2366	0.0683	0.1004	0.2016
7	0.0397	0.1364	0.1506	0.1537	0.0891	0.0878	0.0802	0.0844	0.0687	0.1030	0.0746	0.0986	0.0823	0.1615	0.2016	0.2265	0.1007	0.2401	0.0743	0.1011	0.2027
8	0.0405	0.1360	0.1529	0.1534	0.0921	0.0871	0.0792	0.0900	0.0718	0.1060	0.0775	0.1025	0.0841	0.1629	0.2040	0.2312	0.1042	0.2419	0.0741	0.1040	0.2044
9	0.0418	0.1399	0.1561	0.1563	0.1007	0.0924	0.0839	0.0921	0.0773	0.1085	0.0767	0.1034	0.0826	0.1655	0.2059	0.2346	0.1058	0.2451	0.0727	0.1086	0.2079
10	0.0431	0.1434	0.1584	0.1556	0.1089	0.0970	0.0882	0.0973	0.0813	0.1107	0.0841	0.1070	0.0832	0.1709	0.2074	0.2380	0.1076	0.2479	0.0749	0.1112	0.2122
11	0.0446	0.1466	0.1612	0.1577	0.1103	0.1002	0.0875	0.0979	0.0837	0.1110	0.0880	0.1141	0.0823	0.1747	0.2105	0.2413	0.1097	0.2517	0.0755	0.1166	0.2144
12	0.0460	0.1480	0.1624	0.1606	0.1145	0.1010	0.0867	0.1049	0.0861	0.1113	0.0942	0.1183	0.0830	0.1790	0.2160	0.2445	0.1113	0.2548	0.0760	0.1224	0.2161
13	0.0476	0.1498	0.1634	0.1616	0.1195	0.1049	0.0920	0.1062	0.0896	0.1175	0.0964	0.1194	0.0803	0.1835	0.2172	0.2515	0.1142	0.2567	0.0839	0.1247	0.2191
14	0.0487	0.1514	0.1671	0.1647	0.1215	0.1077	0.1062	0.1054	0.0932	0.1173	0.1007	0.1220	0.0794	0.1875	0.2190	0.2561	0.1116	0.2587	0.0853	0.1286	0.2208
15	0.0499	0.1545	0.1672	0.1672	0.1217	0.1097	0.1078	0.1089	0.0943	0.1210	0.1055	0.1195	0.0792	0.1937	0.2238	0.2622	0.1093	0.2610	0.0858	0.1308	0.2227
16	0.0506	0.1538	0.1703	0.1696	0.1306	0.1142	0.1085	0.1122	0.0960	0.1190	0.1064	0.1203	0.0788	0.1979	0.2256	0.2653	0.1122	0.2637	0.0831	0.1347	0.2271
17	0.0514	0.1552	0.1727	0.1718	0.1346	0.1134	0.1163	0.1182	0.0979	0.1208	0.1093	0.1208	0.0761	0.2029	0.2274	0.2708	0.1093	0.2663	0.0840	0.1370	0.2293
18	0.0527	0.1582	0.1766	0.1740	0.1363	0.1123	0.1163	0.1200	0.1000	0.1227	0.1115	0.1220	0.0754	0.2054	0.2280	0.2753	0.1099	0.2685	0.0837	0.1438	0.2333
19	0.0537	0.1598	0.1780	0.1748	0.1369	0.1153	0.1232	0.1215	0.1045	0.1191	0.1112	0.1267	0.0752	0.2086	0.2317	0.2798	0.1100	0.2708	0.0834	0.1465	0.2362
20	0.0549	0.1597	0.1801	0.1739	0.1429	0.1174	0.1302	0.1233	0.1086	0.1210	0.1128	0.1289	0.0758	0.2141	0.2338	0.2824	0.1087	0.2733	0.0830	0.1509	0.2384
21	0.0563	0.1636	0.1832	0.1747	0.1460	0.1200	0.1354	0.1257	0.1105	0.1223	0.1174	0.1322	0.0765	0.2179	0.2387	0.2855	0.1055	0.2766	0.0797	0.1540	0.2439
22	0.0579	0.1640	0.1835	0.1769	0.1508	0.1217	0.1424	0.1280	0.1135	0.1250	0.1194	0.1392	0.0762	0.2230	0.2425	0.2899	0.1059	0.2791	0.0801	0.1585	0.2480
23	0.0596	0.1674	0.1838	0.1818	0.1519	0.1254	0.1458	0.1299	0.1140	0.1281	0.1241	0.1433	0.0748	0.2254	0.2465	0.2942	0.1022	0.2807	0.0803	0.1588	0.2501
24	0.0611	0.1707	0.1858	0.1814	0.1538	0.1254	0.1532	0.1331	0.1153	0.1309	0.1283	0.1482	0.0749	0.2303	0.2505	0.2947	0.1070	0.2836	0.0830	0.1640	0.2525
25	0.0632	0.1725	0.1880	0.1836	0.1571	0.1271	0.1564	0.1352	0.1184	0.1345	0.1310	0.1510	0.0715	0.2340	0.2547	0.3001	0.1112	0.2877	0.0845	0.1659	0.2548
26	0.0647	0.1733	0.1886	0.1852	0.1611	0.1276	0.1610	0.1357	0.1221	0.1346	0.1346	0.1531	0.0724	0.2375	0.2592	0.3028	0.1081	0.2911	0.0879	0.1680	0.2573
